3
1 10
0.740296 
-0.854965 
-1.2732 
0.572627 
0.235111 
1.40898 
-1.24623 
-1.01043 
-1.63054 
-1.84423 
-0.155365 -0.0086182 -0.012732 -0.123458 -0.148045 0.0297384 0.173815 0.14627 0.345357 0.117833 
10 10
0.287101 0.454915 -0.0262132 -0.100714 0.0738163 0.231215 -0.0513641 -0.174575 -0.0154929 -0.0794888 
-0.272983 0.236689 0.0367635 0.467661 0.347121 -0.046574 0.353337 0.351102 0.558061 0.189236 
0.364994 -0.00491111 0.0958712 -0.215253 0.00736837 0.377762 -0.117527 -0.246796 0.213948 -0.207997 
0.160602 -0.124129 0.23096 -0.401665 0.207007 -0.0672351 -0.570114 0.797331 0.240249 0.171942 
0.177345 0.674244 0.212068 0.247019 0.275091 0.541367 -0.258808 -0.469034 -0.399952 0.423121 
-0.580159 0.0892406 0.165797 -0.426733 0.0780642 0.160287 0.0261002 -0.0437379 0.358102 0.129458 
0.488169 -0.292205 0.0673219 0.243184 -0.186769 0.460731 0.0425132 -0.0146856 -0.377459 0.307959 
-0.316907 -0.0945643 0.0233223 0.44846 0.00762508 0.416625 -0.303575 0.129353 0.0621977 -0.10203 
0.298599 0.0397006 0.06592 -0.313735 0.441513 -0.0638859 -0.452421 -0.432242 0.365334 -0.156649 
-0.331433 0.295675 -0.291914 0.110192 0.249598 0.253714 -0.276584 -0.203304 -0.0518085 -0.404159 
-0.00437018 -0.148194 -0.0639234 0.0238389 0.0441746 0.303265 -0.0628745 0.0230152 -0.0484791 -0.0856177 
10 1
0.341437 -0.577611 0.317657 -0.0635682 0.486006 -0.549587 0.544833 0.409521 -0.144848 -0.074801 
0.35394 
