3
1 10
-0.418106 
0.921678 
2.32716 
-1.41248 
-1.46501 
2.7585 
0.743629 
-2.62065 
-2.22417 
-5.07186 
-0.441016 -0.276503 -0.266805 0.0443855 -9.11363e-07 0.196839 0.573535 0.0278075 -0.252643 0.0396786 
10 10
0.0042671 -0.100271 -0.284611 -0.156468 -0.0637364 0.0199618 -0.394115 0.0568273 -0.320265 0.000693428 
0.851634 0.331119 0.0810714 0.142408 -0.477519 -0.32332 -0.426704 -0.302832 -0.282248 -0.415056 
0.103799 0.115081 0.0795268 -0.493281 -1.19117 -0.597003 -0.276316 0.495559 0.487819 -0.370442 
0.0302524 -0.538379 -0.947168 -0.442182 -0.293128 0.358452 -0.10802 -0.437765 -0.475982 0.602572 
-1.18058 0.346737 -0.127643 1.37914 1.18612 -0.810319 -0.561152 2.28212 1.13301 4.50728 
0.561297 -0.187217 0.780963 0.0259805 -0.491765 0.184772 0.590592 -0.109839 -0.476246 -0.372043 
0.0706202 0.146089 -0.161577 -0.641797 0.25988 -0.168149 0.211469 -0.321441 0.196361 -0.413579 
0.0857124 -0.847602 0.0406807 -0.326824 0.16642 -0.0524766 0.447866 -0.137857 -0.169733 -0.155643 
0.117866 -0.686897 -0.321797 -0.173449 -0.1424 -0.211492 0.620315 -0.510144 0.245499 -0.408295 
0.00645713 0.0120555 -0.494987 0.841932 -0.526724 -1.17806 0.0142394 0.809901 -0.309896 1.0844 
-0.131561 0.000122014 -0.270816 -0.0714854 0.199498 0.0285166 0.000704847 -0.031288 -0.194124 0.0907195 
10 1
-0.383311 0.0778108 -0.531113 0.228554 -5.4091 0.611063 -0.147051 -0.344645 -0.396224 -1.1635 
-0.0201194 
