3
1 15
1.11831 
-1.05722 
-0.00189222 
0.00998789 
1.14465 
0.324358 
-0.15678 
0.00147499 
0.0311738 
-0.144031 
0.93942 
-0.659429 
0.0951443 
0.751192 
-0.870807 
-0.134197 0.127366 -0.0115463 0.0743051 -0.0324446 0.0108369 0.0664381 -0.0182355 -0.0837808 -0.0235593 -0.113685 -0.105509 -0.254753 -0.318542 0.162059 
15 15
0.53531 -0.311664 -0.0305991 0.0642741 0.40903 0.0702537 -0.216527 -0.19348 0.150747 0.059176 0.337124 0.0437986 -0.0985846 -0.00899723 -0.376127 
-0.435245 -0.231793 0.0378102 -0.333519 -0.19911 -0.212377 0.297916 0.0543545 -0.00203242 -0.2216 0.257299 0.0465449 -0.34693 -0.169447 0.122845 
-0.0750802 -0.106196 -0.0881736 -0.248746 -0.128922 0.011452 0.114757 -0.0437276 0.294805 0.460139 0.148377 -0.0525353 0.0822211 0.273655 -0.115475 
0.0120009 -0.0321874 -0.130608 0.0659292 0.0719843 -0.265751 0.301545 -0.180661 -0.0760115 -0.00629633 0.000488516 -0.326625 0.106055 -0.0428363 -0.141989 
0.275784 -0.481755 -0.0707039 -0.00452057 -0.299397 -0.075299 -0.207092 0.100068 -0.234038 -0.197063 0.0677814 -0.0449432 -0.0814834 0.0526934 -0.715626 
0.216365 -0.431053 -0.23086 -0.446695 -0.109593 0.0395213 -0.152918 -0.0492915 -0.399953 -0.0957679 -0.43334 0.267764 -0.029104 -0.118627 -0.224134 
0.0652496 -0.032906 -0.111471 0.230347 -0.0427408 -0.893704 0.377337 0.151378 -0.307375 -0.150679 0.0245732 -0.14174 -0.116113 0.211439 -0.317927 
0.426083 -0.277074 -0.178474 -0.221179 0.384889 0.400377 -0.140059 0.0784159 0.509916 0.383241 0.263212 0.153571 0.18752 0.23606 -0.12827 
-0.339596 -0.0875622 -0.206597 0.37569 -0.317979 0.0535599 0.583115 0.0371903 -0.33924 0.356414 -0.00288742 0.275721 0.088113 -0.111247 -0.460447 
-0.127433 -0.622898 0.0904671 -0.245158 0.0370157 0.0606168 -0.0131027 0.197854 0.0800029 -0.0277679 0.0194736 0.0801247 0.175852 0.0412733 0.0984377 
0.114746 -0.452341 0.436337 0.202198 -0.00190821 0.183721 -0.0160954 -0.0783375 -0.259023 0.221434 -0.209808 -0.296043 0.432248 -0.00457002 0.092617 
0.0383564 0.136668 0.0866956 0.0704465 0.0202823 -0.603945 -0.283263 -0.287894 0.122814 -0.303886 0.115579 0.270574 0.218093 0.167519 -0.256331 
-0.0258141 0.834123 0.472524 -0.0740067 0.0216213 -0.161786 0.106995 -0.198657 -0.0329967 0.13011 -0.229519 0.677101 -0.0956223 0.21896 0.433128 
-0.279571 -0.206846 -0.120258 0.0211666 -0.273015 -0.0437633 0.241671 0.281336 -0.564053 -0.157048 -0.136791 0.14501 0.0603094 0.248011 -0.306049 
-0.149847 -0.414191 -0.170989 -0.0640635 0.10918 0.0510219 0.318468 -0.149923 -0.149303 0.183666 0.212978 -0.375983 -0.0586556 -0.273187 -0.364826 
0.224275 -0.0158219 -0.412494 -0.149046 0.234247 0.000252849 -0.00115159 -0.120231 0.0323297 -0.00615424 -0.136851 -0.326954 -0.224757 0.0100522 0.122272 
15 1
0.74932 -0.248617 -0.394331 0.30331 0.866805 -0.142194 -0.10004 0.615421 0.296006 -0.0136679 0.373412 0.277919 -1.13418 0.0374036 0.443324 
-0.137886 
