3
1 10
2.14482 
2.91482 
-1.36752 
0.694571 
-1.64661 
-2.28099 
-3.57206 
0.125146 
-3.19116 
1.55307 
0.472809 1.37272 -0.197225 -0.914976 -0.384575 1.10616 1.77347 -0.225703 -1.50279 -0.743895 
10 10
0.514487 -0.0775383 0.21959 -0.687642 0.038274 0.469604 -0.466971 -0.137284 0.0186592 0.694446 
-0.334395 0.0911018 0.512986 -0.705534 0.0167889 0.225059 -0.252549 0.677505 -0.475207 0.270758 
-0.0740328 -0.40364 -0.515886 0.277867 0.11566 -0.446464 -0.486847 0.875837 -0.100603 -0.59686 
-0.108981 -1.15005 0.487777 1.06571 1.07194 0.386334 0.857951 0.829862 0.972621 -0.160505 
-1.20199 -1.9416 0.791087 -0.194886 0.583416 1.03212 1.61434 0.754193 1.49875 -0.621823 
-1.07527 -0.897009 0.292364 -0.551985 0.332045 1.48741 0.495448 -0.06007 0.818062 0.153084 
-0.0432584 -0.149947 0.0919694 0.382013 0.331749 -0.584283 -0.49626 -0.348718 -0.0489998 0.625328 
0.358419 -0.225278 -0.190091 0.49059 -0.0922938 0.259942 -0.960824 0.183755 -0.267047 -0.161465 
-0.178458 -0.65516 -0.489788 0.907455 -0.443339 -0.414391 -0.988514 0.209425 -0.160963 -0.741528 
-1.19279 -3.05683 0.688148 0.0255576 1.27454 1.32235 2.41403 -0.265658 2.94404 -1.11765 
-0.589756 -0.0723251 -0.305305 -0.288823 -0.695382 -0.732409 -0.854262 -0.469498 -0.575682 -0.942787 
10 1
0.454976 0.00326616 0.0513806 -2.19395 -2.27898 -2.1085 0.519143 0.638648 -0.273614 -5.21927 
0.0221919 
