epoch,train_loss,val_loss,val_accuracy,lr
0,0.217678,0.196387,0.536667,0.001
1,0.187541,0.190137,0.52,0.001
2,0.179238,0.181288,0.568333,0.001
3,0.176013,0.185412,0.506667,0.001
4,0.17266,0.177634,0.625,0.001
5,0.170448,0.179399,0.608333,0.001
6,0.168903,0.174569,0.588333,0.001
7,0.167573,0.174003,0.641667,0.001
8,0.165938,0.171392,0.61,0.001
9,0.164406,0.171242,0.605,0.001
10,0.163389,0.169482,0.64,0.001
11,0.162158,0.167715,0.653333,0.001
12,0.16067,0.166049,0.645,0.001
13,0.159143,0.168037,0.626667,0.001
14,0.15873,0.16374,0.65,0.001
15,0.157532,0.164085,0.643333,0.001
16,0.156237,0.166002,0.633333,0.001
17,0.154987,0.164645,0.65,0.001
18,0.153486,0.15976,0.651667,0.001
19,0.152433,0.159876,0.661667,0.001
20,0.151004,0.16373,0.64,0.001
21,0.15011,0.165469,0.628333,0.001
22,0.149125,0.157697,0.653333,0.001
23,0.14727,0.161825,0.66,0.001
24,0.146098,0.154712,0.643333,0.001
25,0.14576,0.152863,0.661667,0.001
26,0.144124,0.152585,0.673333,0.001
27,0.143302,0.163071,0.615,0.001
28,0.142569,0.153212,0.663333,0.001
29,0.140966,0.14991,0.663333,0.001
30,0.139423,0.152778,0.653333,0.001
31,0.13823,0.149559,0.678333,0.001
32,0.137502,0.148092,0.675,0.001
33,0.136648,0.146479,0.67,0.001
34,0.135711,0.145016,0.671667,0.001
35,0.134069,0.147894,0.666667,0.001
36,0.133989,0.143214,0.666667,0.001
37,0.133113,0.143538,0.678333,0.001
38,0.131521,0.142733,0.666667,0.001
39,0.130816,0.146833,0.676667,0.001
40,0.129853,0.143391,0.68,0.001
41,0.130196,0.143573,0.671667,0.001
42,0.128767,0.139592,0.678333,0.001
43,0.128174,0.140722,0.666667,0.001
44,0.127257,0.140206,0.666667,0.001
45,0.127431,0.137165,0.673333,0.001
46,0.126472,0.142673,0.671667,0.001
47,0.125914,0.1428,0.695,0.001
48,0.125816,0.136365,0.673333,0.001
49,0.124595,0.137003,0.685,0.001
50,0.123236,0.137091,0.675,0.001
51,0.122783,0.137314,0.67,0.001
52,0.122062,0.137577,0.688333,0.001
53,0.121615,0.142782,0.656667,0.001
54,0.121069,0.139242,0.688333,0.001
55,0.120864,0.134601,0.681667,0.001
56,0.11994,0.139282,0.675,0.001
57,0.119504,0.13347,0.69,0.001
58,0.119434,0.134897,0.686667,0.001
59,0.119504,0.136213,0.683333,0.001
60,0.118068,0.13658,0.681667,0.001
61,0.117694,0.1339,0.67,0.001
62,0.116723,0.136509,0.695,0.001
63,0.117071,0.133085,0.681667,0.001
64,0.115316,0.135508,0.683333,0.001
65,0.115373,0.138463,0.688333,0.001
66,0.115393,0.132858,0.695,0.001
67,0.114222,0.130225,0.695,0.001
68,0.115093,0.13612,0.693333,0.001
69,0.113278,0.13311,0.69,0.001
70,0.112734,0.131398,0.688333,0.001
71,0.112938,0.131133,0.701667,0.001
72,0.112031,0.142216,0.661667,0.001
73,0.111869,0.135346,0.683333,0.001
74,0.110192,0.134697,0.683333,0.001
75,0.110999,0.13656,0.688333,0.001
76,0.110162,0.130685,0.686667,0.001
77,0.10961,0.155987,0.646667,0.001
78,0.100939,0.125833,0.698333,0.0001
79,0.0996512,0.125445,0.695,0.0001
80,0.0993651,0.124785,0.706667,0.0001
81,0.0987827,0.12635,0.701667,0.0001
82,0.0988415,0.125617,0.696667,0.0001
83,0.0986272,0.125275,0.7,0.0001
84,0.0984903,0.1256,0.701667,0.0001
85,0.0985324,0.125226,0.7,0.0001
86,0.0983029,0.125479,0.706667,0.0001
87,0.0979423,0.126226,0.71,0.0001
88,0.0980477,0.125371,0.708333,0.0001
89,0.0979119,0.125108,0.703333,0.0001
90,0.0977766,0.125036,0.708333,0.0001
91,0.0977768,0.124858,0.706667,0.0001
92,0.097618,0.124645,0.708333,0.0001
93,0.0975258,0.125233,0.701667,0.0001
94,0.0973209,0.124928,0.705,0.0001
95,0.0974258,0.124833,0.703333,0.0001
96,0.0972287,0.124811,0.703333,0.0001
97,0.0971433,0.124953,0.701667,0.0001
98,0.0969535,0.124854,0.703333,0.0001
99,0.0970198,0.124523,0.705,0.0001
100,0.0968857,0.124746,0.708333,0.0001
101,0.0967968,0.124673,0.708333,0.0001
102,0.0966677,0.124721,0.708333,0.0001
103,0.0965413,0.124427,0.701667,0.0001
104,0.0963595,0.124968,0.706667,0.0001
105,0.0963828,0.124995,0.706667,0.0001
106,0.0962426,0.124887,0.71,0.0001
107,0.09629,0.124948,0.705,0.0001
108,0.0960156,0.125224,0.696667,0.0001
109,0.0958585,0.124127,0.711667,0.0001
110,0.0959079,0.124505,0.703333,0.0001
111,0.0956977,0.124361,0.71,0.0001
112,0.0956614,0.124575,0.711667,0.0001
113,0.0955357,0.124797,0.701667,0.0001
114,0.0953847,0.125489,0.705,0.0001
115,0.0955112,0.124333,0.71,0.0001
116,0.0951961,0.124167,0.711667,0.0001
117,0.0951894,0.125252,0.703333,0.0001
118,0.095122,0.124309,0.708333,0.0001
119,0.0951725,0.124056,0.71,0.0001
120,0.0948474,0.124716,0.705,0.0001
121,0.0949108,0.124702,0.713333,0.0001
122,0.0947045,0.124561,0.708333,0.0001
123,0.0948084,0.123712,0.708333,0.0001
124,0.0946692,0.124098,0.706667,0.0001
125,0.094515,0.124306,0.703333,0.0001
126,0.0943938,0.124205,0.71,0.0001
127,0.0943762,0.124184,0.708333,0.0001
128,0.094179,0.124036,0.703333,0.0001
129,0.094049,0.123609,0.716667,0.0001
130,0.0940227,0.123916,0.711667,0.0001
131,0.0938462,0.12413,0.711667,0.0001
132,0.0938922,0.123995,0.713333,0.0001
133,0.0937695,0.123829,0.711667,0.0001
134,0.0936392,0.124,0.715,0.0001
135,0.0937654,0.123629,0.71,0.0001
136,0.0935615,0.124704,0.71,0.0001
137,0.0934849,0.123734,0.706667,0.0001
138,0.0935096,0.123497,0.711667,0.0001
139,0.0933552,0.123964,0.718333,0.0001
140,0.0931434,0.124473,0.708333,0.0001
141,0.0931542,0.123701,0.711667,0.0001
142,0.0930593,0.123386,0.713333,0.0001
143,0.0929746,0.123742,0.711667,0.0001
144,0.0928425,0.124245,0.71,0.0001
145,0.0928306,0.124115,0.711667,0.0001
146,0.0926948,0.123651,0.713333,0.0001
147,0.0926121,0.123724,0.71,0.0001
148,0.0926063,0.12316,0.71,0.0001
149,0.0925035,0.123092,0.713333,0.0001
150,0.0925227,0.123244,0.706667,0.0001
151,0.0923661,0.12329,0.715,0.0001
152,0.0922949,0.122819,0.71,0.0001
153,0.0922259,0.123085,0.713333,0.0001
154,0.0919852,0.12368,0.706667,0.0001
155,0.0920281,0.122766,0.715,0.0001
156,0.0920431,0.123439,0.715,0.0001
157,0.0918775,0.123214,0.713333,0.0001
158,0.0918254,0.123292,0.71,0.0001
159,0.0917642,0.123084,0.715,0.0001
160,0.091645,0.122999,0.711667,0.0001
161,0.0915171,0.123714,0.711667,0.0001
162,0.0914645,0.122673,0.713333,0.0001
163,0.091379,0.122711,0.713333,0.0001
164,0.091291,0.123911,0.713333,0.0001
165,0.091221,0.122957,0.706667,0.0001
166,0.0912675,0.122727,0.71,0.0001
167,0.0913046,0.122531,0.71,0.0001
168,0.0909317,0.122637,0.713333,0.0001
169,0.0909349,0.122942,0.71,0.0001
170,0.0910143,0.123386,0.711667,0.0001
171,0.0908167,0.12314,0.708333,0.0001
172,0.0906272,0.12284,0.715,0.0001
173,0.0904851,0.123148,0.713333,0.0001
174,0.0907003,0.122597,0.715,0.0001
175,0.0905276,0.122643,0.713333,0.0001
176,0.090508,0.122458,0.711667,0.0001
177,0.0901418,0.123413,0.71,0.0001
178,0.0904228,0.123328,0.713333,0.0001
179,0.0899885,0.123086,0.716667,0.0001
180,0.090236,0.122937,0.706667,0.0001
181,0.0900027,0.123778,0.716667,0.0001
182,0.0899179,0.122163,0.718333,0.0001
183,0.0899994,0.122302,0.71,0.0001
184,0.0899156,0.122378,0.711667,0.0001
185,0.0897535,0.123107,0.711667,0.0001
186,0.0897984,0.12243,0.72,0.0001
187,0.0896117,0.122848,0.711667,0.0001
188,0.0894334,0.122153,0.711667,0.0001
189,0.0894334,0.122095,0.718333,0.0001
190,0.0893163,0.12224,0.716667,0.0001
191,0.0893026,0.12185,0.71,0.0001
192,0.0892394,0.122883,0.711667,0.0001
193,0.0892417,0.121902,0.708333,0.0001
194,0.0891261,0.122327,0.715,0.0001
195,0.0890524,0.121849,0.71,0.0001
196,0.0890771,0.121741,0.716667,0.0001
197,0.088862,0.121816,0.71,0.0001
198,0.0886859,0.124993,0.711667,0.0001
199,0.0888072,0.122736,0.715,0.0001
