3
1 20
0.360115 
-0.620645 
-0.295679 
0.770767 
0.322155 
0.457845 
-0.351286 
0.265577 
1.06766 
-1.57063 
0.712138 
0.990832 
1.25669 
0.234918 
1.11346 
-0.987856 
-0.906486 
-1.91621 
-1.76237 
1.57299 
0.00724031 -0.0186183 -0.0207336 -0.0192692 -0.00805385 -0.0310958 0.0502052 -0.033777 -0.00392456 -0.0392659 0.0497037 -0.00191774 -0.045794 -0.0411595 -0.0271202 0.00606092 0.0133795 -0.0140056 -0.0154571 0.0106219 
20 20
0.0193732 0.0953953 0.0256717 -0.095245 -0.0181027 -0.421866 -0.295739 0.355434 0.286998 0.235664 -0.329837 0.155257 0.171836 -0.0530722 0.259289 -0.272883 -0.125102 -0.193701 -0.00397736 -0.234445 
0.274071 0.360199 -0.111611 0.16537 -0.485179 0.124111 0.0374333 -0.233274 -0.386984 0.304502 -0.146063 -0.0203441 0.19857 -0.127182 -0.0645937 -0.225208 0.231432 -0.0881395 -0.488332 0.00183955 
-0.480562 -0.123126 0.241264 -0.468826 0.380509 0.0175141 -0.345078 -0.121825 -0.273623 -0.0573043 -0.143102 0.0562317 0.288454 -0.448132 0.176633 0.034617 -0.0302845 0.034654 0.433306 0.171081 
0.0395194 -0.0926542 0.0824867 -0.0739475 -0.334564 -0.185542 -0.0469867 -0.403064 -0.177118 -0.140135 0.228692 -0.0100561 0.250216 0.136009 -0.0365587 0.0207061 0.0527659 0.177557 0.150394 0.204603 
-0.170048 -0.254055 0.0304236 -0.118 0.0708992 -0.105079 -0.22046 -0.0600747 0.025893 -0.270221 -0.07886 -0.139366 -0.193813 -0.096081 -0.131957 -0.143199 -0.241383 -0.334849 0.516088 0.0934146 
0.166007 0.0935668 0.0231966 -0.795568 -0.402809 -0.243686 0.102708 -0.15962 0.0165143 0.36369 -0.142928 -0.326675 -0.124074 0.192456 0.401464 -0.137739 0.135628 0.0568575 -0.2786 0.335549 
-0.109832 0.244685 0.0112025 0.131655 -0.229335 0.184123 -0.0670818 0.156923 -0.200162 -0.261392 -0.184932 0.0539732 -0.0382461 0.588135 -0.044684 -0.102493 0.0951424 -0.338593 -0.53207 0.274671 
0.293765 0.0465197 0.129566 0.188053 -0.151074 -0.146553 -0.430369 0.533172 -0.139708 0.0568038 -0.0246649 -0.0832256 -0.404169 0.257502 0.0957709 0.200668 0.116074 0.272667 0.283073 0.396795 
0.241516 -0.18908 0.0538462 0.298094 -0.0362148 -0.0183088 -0.0718061 0.385611 0.102461 0.296957 0.200949 -0.181773 0.409717 -0.214511 -0.36737 0.220037 0.268235 0.598497 0.0623467 0.0197364 
-0.0983301 -0.0380091 -0.137795 -0.235699 -0.218289 0.0431199 -0.151065 -0.0879626 -0.0081308 0.175093 -0.545789 0.110009 -0.374578 0.254324 0.422209 -0.0676834 -0.190083 -0.162959 0.0861346 0.182686 
-0.20766 -0.0193329 -0.0978862 0.00119217 0.269202 -0.068747 0.0375139 0.0975445 0.128558 -0.32498 -0.186633 -0.0692798 0.348284 0.0651212 0.502357 0.165393 0.225639 0.0791018 -0.0827196 -0.260523 
-0.284711 -0.252403 -0.139793 -0.170263 0.298659 -0.0247693 0.364845 -0.13682 0.235113 -0.148751 0.250184 0.260301 0.104852 0.230619 -0.174511 -0.435266 -0.167402 -0.0172223 0.383846 -0.324166 
0.468416 -0.222916 0.09277 -0.132701 -0.183976 0.0583911 0.271522 -0.137195 -0.131241 -0.359656 0.0285003 0.215629 -0.219943 -0.0842639 -0.0450146 -0.0130913 0.259296 -0.187545 -0.00573182 -0.146214 
0.045751 -0.052071 -0.385686 0.0102267 -0.366401 -0.0576752 -0.160928 0.0689241 -0.54229 0.0638029 -0.258745 0.0344393 0.1716 -0.197799 -0.181127 -0.149219 -0.00157456 0.109531 0.0397477 -0.345008 
-0.0460434 -0.331807 -0.174207 -0.0660345 0.189594 0.101778 0.00534051 -0.167801 -0.251825 0.0212961 -0.572511 0.251218 -0.359572 0.393744 0.0729009 -0.559503 0.0981945 -0.119213 0.0549539 0.0156275 
0.273565 0.25509 0.139873 0.453688 0.0977934 0.0599966 0.00468251 0.174828 -0.172603 0.270464 0.297227 0.137299 -0.229496 -0.106567 -0.552651 -0.0828335 -0.202762 -0.267278 -0.053063 0.276813 
-0.063609 -0.346141 -0.0465288 -0.12491 0.080027 -0.153916 0.310162 -0.212157 0.0373522 -0.0796487 0.238153 -0.0716377 0.168253 -0.211625 -0.404832 0.180085 -0.00544742 -0.00928729 -0.301563 0.148045 
0.128678 0.201394 0.0545963 -0.177018 -0.393376 0.258815 0.00510755 -0.488397 -0.0243642 -0.0211513 -0.0676382 0.287767 0.0427462 -0.00518833 -0.35319 -0.151398 0.0588982 0.0510883 -0.0303326 0.120857 
-0.0482788 0.227575 -0.199717 0.0693132 -0.192989 -0.18488 0.107803 -0.260131 0.0907932 -0.165577 -0.19323 0.265767 -0.0738071 0.053667 -0.301105 -0.121441 -0.051889 -0.211205 -0.241818 0.168601 
0.652785 0.0109371 0.283907 -0.130954 -0.0474936 0.215941 0.333476 0.273205 -0.04385 -0.0589697 -0.0566758 0.184508 0.185873 0.171326 -0.050737 -0.326964 0.0444218 -0.365397 -0.373723 0.498883 
-0.0102009 0.00323816 0.00915174 -0.0933344 7.35384e-06 0.0134523 -0.0366598 -0.0092803 -0.0440812 -0.00140568 -0.0716919 0.0423445 0.0605645 0.0168837 5.97914e-05 0.0118665 0.0842067 -0.0235616 0.00882199 -0.0168924 
20 1
-0.2394 0.31078 -0.0619362 0.249611 -0.0211155 -0.172718 0.186946 -0.0274499 0.277797 -0.182654 0.294293 0.112556 0.174789 -0.0209205 -0.174449 -0.0363282 0.146027 -0.259963 -0.181452 0.18055 
-0.0341805 
