3
10 20
-0.681646 -2.00717 -0.749617 1.49898 -0.608793 1.07865 0.86186 0.55645 0.406287 1.34488 
1.04901 0.538272 -0.151116 0.912431 -2.10843 -2.29793 -1.03535 1.26687 1.59135 0.392979 
-0.69257 -1.33653 0.184519 2.83713 1.97832 0.576119 2.94724 -2.13344 -1.6693 0.147512 
0.573229 -0.13531 -0.914824 -2.18058 -0.539604 -1.40831 0.821108 -3.26716 -0.656198 2.80162 
1.40396 0.899147 0.0554328 -1.00569 -0.267623 -1.80345 -0.649592 -2.90591 0.36739 0.0446008 
-0.284893 0.436009 -1.37887 0.201206 0.529276 1.06522 -0.349099 -1.9777 0.0764329 0.795718 
-0.778167 1.62541 0.21136 0.97877 -0.138656 1.24215 -0.357007 -2.25075 -1.0821 -0.25946 
-0.147051 1.631 -0.882768 0.180559 -0.443841 0.657759 -0.799082 0.441466 -3.04801 0.697876 
-1.67428 -0.150557 -0.628054 2.46668 1.32298 1.84798 0.375988 0.676219 1.8472 -0.159212 
0.475683 -2.07818 1.11587 -0.411592 0.216501 0.214079 3.08713 0.964766 -0.191816 -1.4845 
1.69534 0.0997196 -0.977908 0.229241 0.63586 -2.88411 0.958727 -2.72547 -0.792021 0.263295 
-0.797327 -1.40275 -0.626558 2.83301 1.5308 0.851968 -0.45616 1.75942 -0.0025287 -1.46899 
0.788014 -0.297273 -2.97878 -0.612438 0.078555 -0.918838 0.368575 1.61827 -1.08752 1.69786 
-0.150642 -0.836515 -1.15166 -1.09262 -1.29212 2.06476 1.70274 2.82651 2.19429 -1.19607 
-0.737462 0.236482 -1.16927 0.490116 0.093258 0.248018 -1.26035 -1.52568 0.111695 2.8236 
-0.362255 2.42715 0.745061 -0.0182354 0.129805 1.06682 -1.11585 3.34006 -0.184473 -1.17951 
-0.137552 -1.95006 -0.180567 2.03924 -0.633452 -1.43837 -0.179735 -4.87179 2.61367 1.00233 
-0.244552 1.01373 -0.966785 0.914151 0.730944 -0.522546 -1.3488 2.5284 -1.5898 -0.0600212 
0.952201 0.271002 0.649692 -2.24535 -0.487698 0.270387 -1.49886 2.89729 0.526063 -1.67507 
-0.603602 -1.87604 -1.80912 1.29956 0.374094 0.446415 0.576822 2.23137 2.03081 1.23524 
0.0392554 0.080286 -0.144403 -1.25648 -2.2705 1.07904 0.126119 -1.13897 0.428669 -1.63699 -1.15169 0.528996 -0.836904 0.324295 -0.00957644 -1.47292 -0.216858 -0.246174 -1.04569 -1.68428 
20 10
0.269031 0.367309 -3.13639 -0.817263 -0.479608 0.53212 -0.816767 0.644833 1.69694 0.261036 0.0436509 0.199857 1.29816 -0.772251 -2.4817 -0.927238 0.0347334 0.223002 0.912604 -1.50316 
0.760498 1.98699 -0.269103 -0.715696 -0.565065 -2.09706 0.207843 0.75037 0.573221 0.0726984 -0.778583 0.927176 -0.650274 0.745982 1.22389 -1.08104 -0.464338 -0.685418 -1.17502 -1.84475 
-0.0503578 -0.105033 1.49917 -0.652136 -1.25574 -0.171174 -0.119599 0.533904 -0.740869 -0.431113 0.241848 -0.742395 -0.0754885 0.175679 0.228102 -0.695971 -1.60277 -0.200636 -0.52587 -1.27681 
0.400013 -0.833158 1.2522 -3.81934 -1.35738 -0.432196 -0.365188 -1.03115 -0.890804 -0.460872 -0.676487 -0.65657 -0.409833 0.0168809 0.637582 -1.5678 -0.873743 0.842795 0.0425968 -0.404854 
-1.66299 -0.597107 2.21405 -0.557479 -0.364989 0.617235 1.03359 -0.662918 -1.28395 -3.99922 -1.76387 -1.62649 -2.38774 2.67475 1.07306 1.01958 -1.69155 0.451923 -1.3453 2.59858 
0.997421 1.09921 0.356107 0.123499 -0.696888 0.444799 -1.45498 1.61427 -0.365445 0.159878 -0.81509 -1.21762 0.751886 -2.25149 -1.51334 1.40364 0.613005 -1.73682 1.28229 0.718177 
-0.46625 0.786303 0.423305 -0.153135 0.199879 0.0440803 0.28161 -0.616272 -0.135006 0.989634 -0.0964991 0.389805 0.30947 1.1882 -0.743978 -0.302456 -1.1283 0.775135 0.659923 -1.50305 
-0.807237 0.869167 0.397785 1.35755 0.853088 -0.0506572 0.733858 2.2299 0.203914 1.45747 0.3259 -0.109895 0.453208 -1.22031 -0.18233 0.945558 0.927002 -2.20819 1.12966 1.7428 
0.650227 0.343343 -0.209519 1.4567 -1.00158 -1.82335 -0.89158 -0.533763 -0.262312 -0.691187 -2.74863 -0.315937 -0.297705 -0.940879 -1.4302 -0.213609 1.99803 0.0946066 1.18417 0.643893 
2.18662 -0.97444 -0.206507 -0.816993 1.6034 -1.66086 0.0459645 -0.932417 -1.28677 -1.03919 0.644044 1.61595 -2.19163 -0.382175 0.846474 -1.75433 0.943662 1.17645 -1.98577 -0.745615 
0.539818 0.352936 1.53405 1.72408 -1.22855 0.0526156 -1.64661 -4.4185 0.870252 1.19737 
10 3
-0.71781 -0.677577 -0.108907 0.034678 -1.09126 0.928131 0.251198 -0.662351 -0.836667 0.66817 
0.00235544 -0.121992 0.773218 -0.890987 1.12858 -0.304489 0.457769 0.43104 0.50212 0.119765 
0.715455 0.799569 -0.664312 0.856309 -0.0373175 -0.623642 -0.708968 0.231311 0.334547 -0.787935 
0.853615 0.0904349 0.0559497 
